-303.9599356983889
-304.0806252002075
-303.9599356983889
-304.57256315797497
-304.57256315797497
-304.57256315797497
-304.63290790888436
-304.63290790888436
-304.63290790888436
-304.5122184070657
-304.63290790888436
-304.57256315797497
-251.96574892885792
-252.02609367976726
-252.26747268340458
-253.535205564624
-253.59555031553333
-253.6558950664426
-253.59555031553333
-253.6558950664426
-253.6558950664426
-253.47486081371463
-253.59555031553333
-253.71623981735195
-17.758202841816694
-17.577168589088707
-17.81854759272602
-20.059127699966123
-20.300506703603435
-20.300506703603435
-20.119472450875453
-20.662575209059412
-19.697059194510146
-20.360851454512765
-19.697059194510146
-20.059127699966123
836.0575659141998
822.3068152991481
822.1861257973294
822.849918057332
1207.9763878946987
1207.493629887424
1207.6143193892426
-317.01227002400265
-317.0490843098711
-317.061351461341
-317.0272898124324
-317.0993923648135
-317.13010824270697
-317.01227002400265
-317.1094290607804
-317.0552555677907
-317.06355808143735
-317.1356606338185
-317.1240123491567
-317.01227002400265
-317.0429884163208
-317.061351461341
-317.0333857059827
-317.0993923648135
-317.13010824270697
-317.1330472417219
-317.20558377973185
-317.1391431352722
-317.1391431352722
-317.1876031913778
-317.1876031913778
-317.1330472417219
-317.1391431352722
-317.18150729782747
-317.1330472417219
-317.1876031913778
-317.2177755668325
-317.1330472417219
-317.17541140427716
-317.17541140427716
-317.18150729782747
-317.17541140427716
-317.1513349223728
-317.16931551072685
-317.1391431352722
-317.16931551072685
-317.1330472417219
-317.2177755668325
-317.2238714603827
-317.1330472417219
-317.1330472417219
-317.16931551072685
-317.16931551072685
-317.2238714603827
-317.2238714603827
-317.1330472417219
-317.1391431352722
-317.17541140427716
-317.16931551072685
-317.21167967328216
-317.2238714603827
-317.1330472417219
-317.17541140427716
-317.1452390288225
-317.1391431352722
-317.1513349223728
-317.1876031913778
-317.1330472417219
-317.17541140427716
-317.1391431352722
-317.16931551072685
-317.2238714603827
-317.21167967328216
-317.1330472417219
-317.1330472417219
-317.1876031913778
-317.1391431352722
-317.17541140427716
-317.2238714603827
-313.97822590120074
-314.07664216538836
-314.02287393092263
-314.04241265657595
-313.977318628644
-314.0885677566064
-314.06789583036806
-314.00396738346353
-314.032272995431
-313.9881223108109
-314.0857039296193
-314.12477857674037
-314.00230238310513
-314.0041056273784
-313.956433286463
-313.97566491981945
-313.97122273509376
-314.05839538115174
-314.09806820582276
-314.106983389225
-314.06854126443596
-314.01829468626556
-314.1704322547298
-314.11868268319006
-313.97213000765043
-314.0041056273784
-314.05304630637727
-313.97566491981945
-314.067835755008
-314.0401077005008
-314.1163558864737
-314.13105987112937
-314.09871363989066
-314.01829468626556
-314.1521445740789
-314.1610468457454
-314.0756669438915
-314.23293180701194
-314.1542993754517
-314.1302228935474
-314.2088553251076
-314.1363187870977
-314.1482034819014
-314.2027594315573
-314.1241269999971
-314.17258705610266
-314.1786829496529
-314.2935836502181
-314.11193521289647
-314.1542993754517
-314.1241269999971
-314.1241269999971
-314.16649116255235
-314.2027594315573
-314.2027594315573
-314.1241269999971
-314.2027594315573
-314.1180311064468
-314.2935836502181
-314.2935836502181
-314.16649116255235
-314.1542993754517
-314.2027594315573
-314.0878587309921
-314.196663538007
-314.1302228935474
-314.1180311064468
-314.196663538007
-314.16039526900204
-314.2268359134616
-314.24512359411256
-314.2935836502181
-314.0817628374418
-314.2088553251076
-314.16649116255235
-314.11193521289647
-314.1905676444567
-314.16039526900204
-314.16039526900204
-314.1302228935474
-314.1542993754517
-314.1786829496529
-314.2813918631175
-314.2935836502181
-314.1180311064468
-314.16039526900204
-314.1905676444567
-314.16039526900204
-314.11193521289647
-314.1363187870977
-314.0878587309921
-314.196663538007
-314.23902770056225
-314.23902770056225
-314.2573153812132
-314.2813918631175
-314.0756669438915
-314.1482034819014
-314.196663538007
-314.196663538007
-314.16649116255235
-314.16039526900204
-314.2027594315573
-314.1905676444567
-314.2088553251076
-314.0878587309921
-314.2874877566678
-314.2573153812132
-314.0817628374418
-314.1363187870977
-314.17258705610266
-314.16649116255235
-314.0939546245424
-314.2088553251076
-314.196663538007
-314.2027594315573
-314.1302228935474
-314.1542993754517
-314.2088553251076
-314.24512359411256
-314.1241269999971
-314.1241269999971
-314.16039526900204
-314.16039526900204
-314.2088553251076
-314.1542993754517
-314.17258705610266
-314.16039526900204
-314.1241269999971
-314.18447175090637
-314.2874877566678
-314.2573153812132
-314.11193521289647
-314.1241269999971
-314.2268359134616
-314.24512359411256
-314.1241269999971
-314.1905676444567
-314.18447175090637
-314.196663538007
-314.1241269999971
-314.2088553251076
-314.24512359411256
-314.2573153812132
-307.528223209878
-307.68477966663767
-307.5598680809605
-307.62478933002876
-307.5433406302304
-307.6129778848199
-307.6310528933162
-307.54368048683943
-307.61859893823396
-307.5584335178204
-307.5718972690802
-307.6218786032781
-307.4882117139431
-307.6547055694745
-307.5754616070715
-307.5471480420601
-307.6317434418659
-307.5192688895895
-307.6785044823236
-307.5920756606894
-307.6332699808811
-307.54765781897026
-307.6107898789394
-307.7425404115408
-307.8511953138823
-307.46787845896864
-307.6241278234315
-307.56017517325733
-307.57663636622
-307.48299587932104
-307.59499729646586
-307.5646122488566
-307.64638940030403
-307.65486720723896
-307.62487416228
-307.62035732518575
-307.60359092262723
-307.7058213279729
-307.5940537262684
-307.52121274971245
-307.5230715601557
-307.5893792793106
-307.4406364580293
-307.54562319340437
-307.6585163051491
-307.59700171187615
-307.5717343008746
-307.59859809183877
-307.821172843101
-307.8027352577767
-307.4316101899637
-307.6119360363309
-307.70524824927713
-307.59461695457406
-307.5375518289769
-307.64924615382483
-307.7639341822355
-307.64638940030403
-307.61250304468365
-307.58860589327503
-307.5718972690802
-307.6703386593837
-307.5668441455034
-307.58826492501487
-307.56357691226765
-307.6017039917159
-307.5409192232051
-307.5131729960392
-307.4849713501982
-307.6585163051491
-307.69361473179043
-307.4507377067591
-307.6046939853891
-307.7788086805458
-307.8027352577767
-307.47267859268493
-307.68449940546134
-307.7933042124762
-307.69638410026505
-307.8234765879308
-307.6723076183607
-307.73265236927
-307.7207676744663
-307.5997710803507
-307.78111242537557
-307.70247999381536
-307.6662117248104
-307.67840351191103
-307.7265564757197
-307.6723076183607
-307.68449940546134
-307.68449940546134
-307.5936751868004
-307.70857588736567
-307.64823113645633
-307.62384756225515
-307.6662117248104
-307.64823113645633
-307.86584075048614
-307.9264925936923
-307.5452151306949
-307.7872083189259
-307.6543270300066
-307.69638410026505
-307.642135242906
-307.69028820671474
-307.62384756225515
-307.80518890727996
-307.62384756225515
-307.62415465455194
-307.6119628674513
-307.6723076183607
-307.8719366440364
-307.67840351191103
-307.8173806943805
-307.6479240441595
-307.67840351191103
-307.6540199377098
-307.70857588736567
-307.76892063827495
-307.6601158312601
-307.7509400499209
-307.6360393493557
-307.9383772884961
-307.9264925936923
-307.4665826991347
-307.67840351191103
-307.6723076183607
-307.69028820671474
-307.69638410026505
-307.6299434558054
-307.8112848008302
-307.7448441563706
-307.73265236927
-307.6723076183607
-307.7448441563706
-307.70857588736567
-307.6601158312601
-307.68449940546134
-307.7448441563706
-307.6360393493557
-307.7387482628203
-307.714671780916
-307.70247999381536
-307.6905952990116
-307.68449940546134
-307.75703594347124
-307.69638410026505
-307.84786016213206
-307.90820491304135
-307.53911923714463
-307.7448441563706
-307.73265236927
-307.6723076183607
-307.6662117248104
-307.5452151306949
-307.6662117248104
-307.642135242906
-307.69028820671474
-307.69638410026505
-307.7207676744663
-307.714671780916
-307.6360393493557
-307.55740691779545
-307.7207676744663
-307.5211386487905
-307.76313183702155
-307.6905952990116
-307.6723076183607
-307.7509400499209
-307.8777254452899
-307.70857588736567
-307.7994001060265
-307.8902243246873
-307.91430080659165
-307.56319571904896
-307.5394263294414
-307.76282474472464
-307.7509400499209
-307.76892063827495
-307.6299434558054
-307.714671780916
-307.67840351191103
-307.6601158312601
-307.67840351191103
-307.76892063827495
-307.77501653182526
-307.8112848008302
-307.7929971201794
-307.5936751868004
-307.7387482628203
-307.67840351191103
-307.70857588736567
-307.8234765879308
-307.58148339969983
-307.76282474472464
-307.72686356801654
-307.69028820671474
-307.91430080659165
-307.9627608626973
-307.5028509681396
-307.75703594347124
-307.714671780916
-307.77501653182526
-307.5997710803507
-307.642135242906
-307.7448441563706
-307.64823113645633
-307.64823113645633
-307.62384756225515
-307.714671780916
-307.62384756225515
-307.6543270300066
-307.76313183702155
-307.6662117248104
-307.5513110242452
-307.86584075048614
-307.68449940546134
-307.5936751868004
-307.68449940546134
-307.61805876100163
-307.70247999381536
-307.62384756225515
-307.8176877866774
-307.8902243246873
-307.5513110242452
-307.69028820671474
-307.605866973901
-307.61775166870484
-307.7387482628203
-307.7265564757197
-307.67840351191103
-307.6662117248104
-307.72686356801654
-307.8234765879308
-307.69638410026505
-307.7387482628203
-307.7872083189259
-307.70857588736567
-307.78111242537557
-307.64823113645633
-307.72046058216944
-307.67840351191103
-307.6601158312601
-307.58757929325014
-307.8234765879308
-307.6360393493557
-307.72686356801654
-307.82957248148114
-307.9264925936923
-307.55740691779545
-307.6723076183607
-307.642135242906
-307.61805876100163
-307.6299434558054
-307.70247999381536
-307.7207676744663
-307.77501653182526
-307.5333304358911
-307.642135242906
-307.642135242906
-307.6905952990116
-307.67840351191103
-307.6662117248104
-307.6723076183607
-307.6662117248104
-307.70247999381536
-307.58757929325014
-307.6723076183607
-307.67840351191103
-307.7448441563706
-307.6119628674513
-307.76313183702155
-307.92039670014196
-307.92039670014196
-307.5028509681396
-307.72686356801654
-307.69028820671474
-307.714671780916
-307.7265564757197
-307.6360393493557
-307.67840351191103
-307.642135242906
-307.70247999381536
-307.62384756225515
-307.70857588736567
-307.7994001060265
-307.605866973901
-307.67840351191103
-307.5936751868004
-307.7872083189259
-307.8234765879308
-307.605866973901
-307.6540199377098
-307.75703594347124
-307.6299434558054
-307.6360393493557
-307.714671780916
-307.8780325375867
-307.95666496914697
-75.36254056430904
-108.80296605403056
-110.03824845729314
-110.43250888891603
-175.62143002264423
-175.57017747601992
-175.39950041786403
-175.03020237204368
-175.89445325099524
-174.8679324830718
-175.38160043798206
-78.4100514775819
-175.53376381153157
-175.82618923773404
-175.24324542325363
-175.5899064662815
-177.72178163655482
-178.26566304990587
-78.44387408872421
-77.96508833679044
-78.49243804193392
-78.69812148876078
-109.35675775910389
-109.27224796715365
-108.7410398919815
-238.23339746518866
-238.37847054120851
-238.11849676462344
-249.56571359991983
-249.34200809233968
-249.2630685684826
-249.6587783816339
-249.86481039315677
-249.882483889214
-249.9111951196237
-249.90509922607345
-249.98403874993048
-271.5381265840685
-272.0157099746833
-271.4354176706039
-271.59550854028817
-271.67992977310183
-271.66256336934146
-271.6979130152067
-271.55283993918687
-271.5165716701819
-271.349280922701
-271.5242192818787
-271.52452637417554
-271.7480989564509
-271.5969299868807
-271.91724851437516
-271.43020657724526
-271.33907526628764
-271.46647484625026
-271.6677675092428
-271.69824697699426
-271.3834101584565
-239.505349012029
-239.09999506712722
-239.17253160513718
-271.52708983024957
-271.6355875449676
-271.73891064302586
-271.9065832662897
-271.7130501341643
-271.5743800439916
-271.5067484704348
-271.60976447619623
-271.49455668333417
-271.7335483793715
-271.6363211748635
-271.5878611187579
-272.27644165812814
-272.54251132826346
-272.2706528568747
-272.56674499779126
-272.56064910424095
-272.50609315458513
-239.19995916088646
-239.0731737655175
-239.53856536903177
-238.97788483071685
-239.07480494292798
-239.28022276985718
-239.37554633702587
-239.230473261006
-239.25424265061355
-239.3573471963409
-239.42378784080051
-239.28481065833097
-249.49409389509583
-249.3977879674784
-249.83270010324117
-249.32511954565732
-249.70578282406103
-249.60916980414675
-249.28905933425295
-249.3192317097076
-249.50057305473246
-257.94588339592843
-258.7664146401745
-258.8447399794379
-258.8572388588354
-266.37706473993865
-267.17546825752055
-267.0846440388597
-267.21752532777896
-266.7528721049953
-267.3571166948422
-267.6109945778769
-267.369001389646
-266.880755774186
-267.50828566441237
-267.5262662527664
-267.5689375076185
-283.393052980708
-283.84263178049605
-283.7338269734811
-283.70365459802645
-283.4692000140463
-283.72163518638047
-283.7457116682849
-283.6853669173755
-283.29242706234004
-283.8667082624004
-283.6128303793656
-283.6792710238252
-283.3040993872203
-283.600638592265
-283.4433737291446
-283.7338269734811
-283.39421773767015
-283.7338269734811
-283.93955189270713
-283.8785929572041
-283.10525413694654
-283.5945426987147
-283.71584638512707
-283.5040255723507
-283.3412748192146
-283.75180756183516
-283.72163518638047
-283.618619180619
-258.73590190667164
-259.74048328664884
-259.49879719071464
-259.486605403614
-283.541284064276
-283.7399228670314
-283.64909864837057
-283.6551945419209
-283.55606221783614
-283.600638592265
-283.8907847443047
-283.83043999339543
-283.20230561989246
-283.80636351149104
-283.7700952424861
-283.51621735945133
-283.44625774945575
-283.6128303793656
-283.7457116682849
-283.83684297924253
-283.97469772847614
-284.2842539944027
-284.2543887112449
-284.26017751249833
-284.0888416227242
-284.3933658937144
-284.3994617872647
-284.43573005626973
-258.56430669088473
-259.6258896783804
-259.8066168388116
-259.49879719071464
-258.442721920044
-259.407665879757
-259.66763965634203
-259.49879719071464
-258.4434139938734
-259.8133269169556
-259.68592733699296
-259.6015061041793
-258.957224181094
-259.5472572468202
-259.4747207088103
-259.7706556621035
-266.8223587302939
-267.2172182354821
-267.1571805768696
-267.2117365265255
-266.6589094144866
-267.37479019089943
-267.06666345050564
-267.22362122132927
-266.66593657313547
-267.02399219565353
-267.181257058774
-266.92159037448573
